#slot cellType shared channel neighbor
9 2 5 6
0 1 0 0 5
1 1 0 0 6
10 2 6 5
4 1 0 1 6
5 1 0 1 5
5 8 2 3
0 2 0 0 9
2 1 0 0 2
3 1 0 0 3
6 1 0 0 2
7 1 0 0 3
10 1 0 0 2
11 1 0 0 3
5 2 0 1 10
6 8 2 3
1 2 0 0 9
2 1 0 0 2
3 1 0 0 3
6 1 0 0 2
7 1 0 0 3
14 1 0 0 2
15 1 0 0 3
4 2 0 1 10
7 2 3 4
18 1 0 0 3
19 1 0 0 4
8 2 4 3
22 1 0 0 4
23 1 0 0 3
2 14 1
2 2 1 0 0
4 1 0 0 1
5 1 0 0 1
6 2 1 0 0
8 1 0 0 1
9 1 0 0 1
10 2 0 0 5
12 1 0 0 1
13 1 0 0 1
14 2 0 0 6
16 1 0 0 1
17 1 0 0 1
0 1 0 1 1
1 1 0 1 1
3 20 1
3 2 1 0 0
4 1 0 0 1
5 1 0 0 1
7 2 1 0 0
8 1 0 0 1
9 1 0 0 1
11 2 0 0 5
12 1 0 0 1
13 1 0 0 1
15 2 0 0 6
16 1 0 0 1
17 1 0 0 1
18 2 0 0 7
20 1 0 0 1
21 1 0 0 1
23 2 0 0 8
24 1 0 0 1
25 1 0 0 1
26 1 0 0 1
27 1 0 0 1
4 8 1
19 2 0 0 7
20 1 0 0 1
21 1 0 0 1
22 2 0 0 8
24 1 0 0 1
25 1 0 0 1
2 1 0 1 1
3 1 0 1 1
1 20
4 2 1 0 0
5 2 1 0 0
8 2 1 0 0
9 2 1 0 0
12 2 1 0 0
13 2 1 0 0
16 2 1 0 0
17 2 1 0 0
20 2 1 0 0
21 2 1 0 0
24 2 1 0 0
25 2 1 0 0
26 2 0 0 3
27 2 0 0 3
0 2 0 1 2
1 2 0 1 2
2 2 0 1 4
3 2 0 1 4
