#slot cellType shared channel neighbor
10 4 8 9
0 1 0 0 8
1 1 0 0 9
2 1 0 0 8
3 1 0 0 9
11 4 9 8
8 1 0 1 9
9 1 0 1 8
10 1 0 1 9
11 1 0 1 8
8 16 6 7
0 2 0 0 10
2 2 0 0 10
4 1 0 0 6
5 1 0 0 7
6 1 0 0 6
7 1 0 0 7
9 2 0 1 11
11 2 0 1 11
12 1 0 1 7
13 1 0 1 6
14 1 0 1 7
15 1 0 1 6
20 1 0 1 6
21 1 0 1 7
22 1 0 1 6
23 1 0 1 7
9 16 7 6
1 2 0 0 10
3 2 0 0 10
4 1 0 0 6
5 1 0 0 7
6 1 0 0 6
7 1 0 0 7
8 2 0 1 11
10 2 0 1 11
12 1 0 1 7
13 1 0 1 6
14 1 0 1 7
15 1 0 1 6
28 1 0 1 7
29 1 0 1 6
30 1 0 1 7
31 1 0 1 6
6 28 4 5
4 2 1 0 0
6 2 1 0 0
8 1 0 0 4
9 1 0 0 5
10 1 0 0 4
11 1 0 0 5
13 2 1 1 0
15 2 1 1 0
16 1 0 1 5
17 1 0 1 4
18 1 0 1 5
19 1 0 1 4
20 2 0 1 8
22 2 0 1 8
24 1 0 1 4
25 1 0 1 5
26 1 0 1 4
27 1 0 1 5
29 2 0 1 9
31 2 0 1 9
32 1 0 1 5
33 1 0 1 4
34 1 0 1 5
35 1 0 1 4
40 1 0 1 4
41 1 0 1 5
42 1 0 1 4
43 1 0 1 5
7 28 5 4
5 2 1 0 0
7 2 1 0 0
8 1 0 0 4
9 1 0 0 5
10 1 0 0 4
11 1 0 0 5
12 2 1 1 0
14 2 1 1 0
16 1 0 1 5
17 1 0 1 4
18 1 0 1 5
19 1 0 1 4
21 2 0 1 8
23 2 0 1 8
24 1 0 1 4
25 1 0 1 5
26 1 0 1 4
27 1 0 1 5
28 2 0 1 9
30 2 0 1 9
32 1 0 1 5
33 1 0 1 4
34 1 0 1 5
35 1 0 1 4
48 1 0 1 5
49 1 0 1 4
50 1 0 1 5
51 1 0 1 4
4 40 2 3
8 2 1 0 0
10 2 1 0 0
12 1 0 0 2
13 1 0 0 3
14 1 0 0 2
15 1 0 0 3
20 1 0 0 3
21 1 0 0 2
22 1 0 0 3
23 1 0 0 2
28 1 0 0 2
29 1 0 0 3
30 1 0 0 2
31 1 0 0 3
36 1 0 0 3
37 1 0 0 2
38 1 0 0 3
39 1 0 0 2
44 1 0 0 2
45 1 0 0 3
46 1 0 0 2
47 1 0 0 3
52 1 0 0 3
53 1 0 0 2
54 1 0 0 3
55 1 0 0 2
0 1 0 1 2
1 1 0 1 3
2 1 0 1 2
3 1 0 1 3
17 2 1 1 0
19 2 1 1 0
24 2 1 1 0
26 2 1 1 0
33 2 1 1 0
35 2 1 1 0
40 2 0 1 6
42 2 0 1 6
49 2 0 1 7
51 2 0 1 7
5 40 3 2
9 2 1 0 0
11 2 1 0 0
12 1 0 0 2
13 1 0 0 3
14 1 0 0 2
15 1 0 0 3
20 1 0 0 3
21 1 0 0 2
22 1 0 0 3
23 1 0 0 2
28 1 0 0 2
29 1 0 0 3
30 1 0 0 2
31 1 0 0 3
36 1 0 0 3
37 1 0 0 2
38 1 0 0 3
39 1 0 0 2
44 1 0 0 2
45 1 0 0 3
46 1 0 0 2
47 1 0 0 3
52 1 0 0 3
53 1 0 0 2
54 1 0 0 3
55 1 0 0 2
60 1 0 0 3
61 1 0 0 2
62 1 0 0 3
63 1 0 0 2
16 2 1 1 0
18 2 1 1 0
25 2 1 1 0
27 2 1 1 0
32 2 1 1 0
34 2 1 1 0
41 2 0 1 6
43 2 0 1 6
48 2 0 1 7
50 2 0 1 7
2 52 1
12 2 1 0 0
14 2 1 0 0
16 1 0 0 1
17 1 0 0 1
18 1 0 0 1
19 1 0 0 1
21 2 1 0 0
23 2 1 0 0
24 1 0 0 1
25 1 0 0 1
26 1 0 0 1
27 1 0 0 1
28 2 1 0 0
30 2 1 0 0
32 1 0 0 1
33 1 0 0 1
34 1 0 0 1
35 1 0 0 1
37 2 1 0 0
39 2 1 0 0
40 1 0 0 1
41 1 0 0 1
42 1 0 0 1
43 1 0 0 1
44 2 1 0 0
46 2 1 0 0
48 1 0 0 1
49 1 0 0 1
50 1 0 0 1
51 1 0 0 1
53 2 1 0 0
55 2 1 0 0
56 1 0 0 1
57 1 0 0 1
58 1 0 0 1
59 1 0 0 1
61 2 0 0 5
63 2 0 0 5
64 1 0 0 1
65 1 0 0 1
66 1 0 0 1
67 1 0 0 1
0 2 0 1 4
2 2 0 1 4
4 1 0 1 1
5 1 0 1 1
6 1 0 1 1
7 1 0 1 1
8 1 0 2 1
9 1 0 2 1
10 1 0 2 1
11 1 0 2 1
3 52 1
13 2 1 0 0
15 2 1 0 0
16 1 0 0 1
17 1 0 0 1
18 1 0 0 1
19 1 0 0 1
20 2 1 0 0
22 2 1 0 0
24 1 0 0 1
25 1 0 0 1
26 1 0 0 1
27 1 0 0 1
29 2 1 0 0
31 2 1 0 0
32 1 0 0 1
33 1 0 0 1
34 1 0 0 1
35 1 0 0 1
36 2 1 0 0
38 2 1 0 0
40 1 0 0 1
41 1 0 0 1
42 1 0 0 1
43 1 0 0 1
45 2 1 0 0
47 2 1 0 0
48 1 0 0 1
49 1 0 0 1
50 1 0 0 1
51 1 0 0 1
52 2 1 0 0
54 2 1 0 0
56 1 0 0 1
57 1 0 0 1
58 1 0 0 1
59 1 0 0 1
60 2 0 0 5
62 2 0 0 5
64 1 0 0 1
65 1 0 0 1
66 1 0 0 1
67 1 0 0 1
68 1 0 0 1
69 1 0 0 1
70 1 0 0 1
71 1 0 0 1
1 2 0 1 4
3 2 0 1 4
4 1 0 1 1
5 1 0 1 1
6 1 0 1 1
7 1 0 1 1
1 40
16 2 1 0 0
17 2 1 0 0
18 2 1 0 0
19 2 1 0 0
24 2 1 0 0
25 2 1 0 0
26 2 1 0 0
27 2 1 0 0
32 2 1 0 0
33 2 1 0 0
34 2 1 0 0
35 2 1 0 0
40 2 1 0 0
41 2 1 0 0
42 2 1 0 0
43 2 1 0 0
48 2 1 0 0
49 2 1 0 0
50 2 1 0 0
51 2 1 0 0
56 2 1 0 0
57 2 1 0 0
58 2 1 0 0
59 2 1 0 0
64 2 1 0 0
65 2 1 0 0
66 2 1 0 0
67 2 1 0 0
68 2 0 0 3
69 2 0 0 3
70 2 0 0 3
71 2 0 0 3
4 2 1 1 0
5 2 1 1 0
6 2 1 1 0
7 2 1 1 0
8 2 0 2 2
9 2 0 2 2
10 2 0 2 2
11 2 0 2 2
