#slot cellType shared channel neighbor
6 4 4
0 1 0 0 4
1 1 0 0 4
2 1 0 0 4
3 1 0 0 4
7 4 5
4 1 0 1 5
5 1 0 1 5
6 1 0 1 5
7 1 0 1 5
4 12 2
0 2 0 0 6
1 2 0 0 6
2 2 0 0 6
3 2 0 0 6
4 1 0 0 2
5 1 0 0 2
6 1 0 0 2
7 1 0 0 2
12 1 0 1 2
13 1 0 1 2
14 1 0 1 2
15 1 0 1 2
5 12 3
4 2 0 1 7
5 2 0 1 7
6 2 0 1 7
7 2 0 1 7
8 1 0 1 3
9 1 0 1 3
10 1 0 1 3
11 1 0 1 3
16 1 0 1 3
17 1 0 1 3
18 1 0 1 3
19 1 0 1 3
2 20 1
4 2 0 0 4
5 2 0 0 4
6 2 0 0 4
7 2 0 0 4
8 1 0 0 1
9 1 0 0 1
10 1 0 0 1
11 1 0 0 1
16 1 0 0 1
17 1 0 0 1
18 1 0 0 1
19 1 0 0 1
0 1 0 1 1
1 1 0 1 1
2 1 0 1 1
3 1 0 1 1
12 2 0 1 4
13 2 0 1 4
14 2 0 1 4
15 2 0 1 4
3 20 1
12 1 0 0 1
13 1 0 0 1
14 1 0 0 1
15 1 0 0 1
20 1 0 0 1
21 1 0 0 1
22 1 0 0 1
23 1 0 0 1
8 2 0 1 5
9 2 0 1 5
10 2 0 1 5
11 2 0 1 5
16 2 0 1 5
17 2 0 1 5
18 2 0 1 5
19 2 0 1 5
4 1 0 2 1
5 1 0 2 1
6 1 0 2 1
7 1 0 2 1
1 24
8 2 0 0 2
9 2 0 0 2
10 2 0 0 2
11 2 0 0 2
12 2 0 0 3
13 2 0 0 3
14 2 0 0 3
15 2 0 0 3
16 2 0 0 2
17 2 0 0 2
18 2 0 0 2
19 2 0 0 2
20 2 0 0 3
21 2 0 0 3
22 2 0 0 3
23 2 0 0 3
0 2 0 1 2
1 2 0 1 2
2 2 0 1 2
3 2 0 1 2
4 2 0 2 3
5 2 0 2 3
6 2 0 2 3
7 2 0 2 3
