#slot cellType shared channel neighbor
10 4 8
0 1 0 0 8
1 1 0 0 8
2 1 0 0 8
3 1 0 0 8
11 4 9
4 1 0 1 9
5 1 0 1 9
6 1 0 1 9
7 1 0 1 9
8 12 6
0 2 0 0 10
1 2 0 0 10
2 2 0 0 10
3 2 0 0 10
4 1 0 0 6
5 1 0 0 6
6 1 0 0 6
7 1 0 0 6
12 1 0 2 6
13 1 0 2 6
14 1 0 2 6
15 1 0 2 6
9 12 7
4 2 0 1 11
5 2 0 1 11
6 2 0 1 11
7 2 0 1 11
8 1 0 1 7
9 1 0 1 7
10 1 0 1 7
11 1 0 1 7
16 1 0 3 7
17 1 0 3 7
18 1 0 3 7
19 1 0 3 7
6 20 4
4 2 0 0 8
5 2 0 0 8
6 2 0 0 8
7 2 0 0 8
8 1 0 0 4
9 1 0 0 4
10 1 0 0 4
11 1 0 0 4
12 2 0 2 8
13 2 0 2 8
14 2 0 2 8
15 2 0 2 8
16 1 0 2 4
17 1 0 2 4
18 1 0 2 4
19 1 0 2 4
24 1 0 2 4
25 1 0 2 4
26 1 0 2 4
27 1 0 2 4
7 20 5
8 2 0 1 9
9 2 0 1 9
10 2 0 1 9
11 2 0 1 9
12 1 0 1 5
13 1 0 1 5
14 1 0 1 5
15 1 0 1 5
20 1 0 2 5
21 1 0 2 5
22 1 0 2 5
23 1 0 2 5
28 1 0 2 5
29 1 0 2 5
30 1 0 2 5
31 1 0 2 5
16 2 0 3 9
17 2 0 3 9
18 2 0 3 9
19 2 0 3 9
4 28 2
8 2 0 0 6
9 2 0 0 6
10 2 0 0 6
11 2 0 0 6
12 1 0 0 2
13 1 0 0 2
14 1 0 0 2
15 1 0 0 2
0 1 0 1 2
1 1 0 1 2
2 1 0 1 2
3 1 0 1 2
20 1 0 1 2
21 1 0 1 2
22 1 0 1 2
23 1 0 1 2
28 1 0 1 2
29 1 0 1 2
30 1 0 1 2
31 1 0 1 2
16 2 0 2 6
17 2 0 2 6
18 2 0 2 6
19 2 0 2 6
24 2 0 2 6
25 2 0 2 6
26 2 0 2 6
27 2 0 2 6
5 28 3
12 2 0 1 7
13 2 0 1 7
14 2 0 1 7
15 2 0 1 7
16 1 0 1 3
17 1 0 1 3
18 1 0 1 3
19 1 0 1 3
24 1 0 1 3
25 1 0 1 3
26 1 0 1 3
27 1 0 1 3
32 1 0 1 3
33 1 0 1 3
34 1 0 1 3
35 1 0 1 3
20 2 0 2 7
21 2 0 2 7
22 2 0 2 7
23 2 0 2 7
28 2 0 2 7
29 2 0 2 7
30 2 0 2 7
31 2 0 2 7
4 1 0 3 3
5 1 0 3 3
6 1 0 3 3
7 1 0 3 3
2 36 1
12 2 0 0 4
13 2 0 0 4
14 2 0 0 4
15 2 0 0 4
16 1 0 0 1
17 1 0 0 1
18 1 0 0 1
19 1 0 0 1
24 1 0 0 1
25 1 0 0 1
26 1 0 0 1
27 1 0 0 1
32 1 0 0 1
33 1 0 0 1
34 1 0 0 1
35 1 0 0 1
40 1 0 0 1
41 1 0 0 1
42 1 0 0 1
43 1 0 0 1
0 2 0 1 4
1 2 0 1 4
2 2 0 1 4
3 2 0 1 4
20 2 0 1 4
21 2 0 1 4
22 2 0 1 4
23 2 0 1 4
28 2 0 1 4
29 2 0 1 4
30 2 0 1 4
31 2 0 1 4
4 1 0 2 1
5 1 0 2 1
6 1 0 2 1
7 1 0 2 1
3 36 1
20 1 0 0 1
21 1 0 0 1
22 1 0 0 1
23 1 0 0 1
28 1 0 0 1
29 1 0 0 1
30 1 0 0 1
31 1 0 0 1
36 1 0 0 1
37 1 0 0 1
38 1 0 0 1
39 1 0 0 1
16 2 0 1 5
17 2 0 1 5
18 2 0 1 5
19 2 0 1 5
24 2 0 1 5
25 2 0 1 5
26 2 0 1 5
27 2 0 1 5
32 2 0 1 5
33 2 0 1 5
34 2 0 1 5
35 2 0 1 5
0 1 0 2 1
1 1 0 2 1
2 1 0 2 1
3 1 0 2 1
8 1 0 2 1
9 1 0 2 1
10 1 0 2 1
11 1 0 2 1
4 2 0 3 5
5 2 0 3 5
6 2 0 3 5
7 2 0 3 5
1 40
16 2 0 0 2
17 2 0 0 2
18 2 0 0 2
19 2 0 0 2
20 2 0 0 3
21 2 0 0 3
22 2 0 0 3
23 2 0 0 3
24 2 0 0 2
25 2 0 0 2
26 2 0 0 2
27 2 0 0 2
28 2 0 0 3
29 2 0 0 3
30 2 0 0 3
31 2 0 0 3
32 2 0 0 2
33 2 0 0 2
34 2 0 0 2
35 2 0 0 2
36 2 0 0 3
37 2 0 0 3
38 2 0 0 3
39 2 0 0 3
40 2 0 0 2
41 2 0 0 2
42 2 0 0 2
43 2 0 0 2
0 2 0 2 3
1 2 0 2 3
2 2 0 2 3
3 2 0 2 3
4 2 0 2 2
5 2 0 2 2
6 2 0 2 2
7 2 0 2 2
8 2 0 2 3
9 2 0 2 3
10 2 0 2 3
11 2 0 2 3
