#slot cellType shared channel neighbor
10 4 8 9
0 1 0 0 8
1 1 0 0 8
2 1 0 0 9
3 1 0 0 9
11 4 9 8
6 1 0 2 9
7 1 0 2 9
8 1 0 2 8
9 1 0 2 8
8 12 6 7
0 2 0 0 10
1 2 0 0 10
2 1 0 1 6
3 1 0 1 6
10 1 0 1 6
11 1 0 1 6
16 1 0 1 7
17 1 0 1 7
8 2 0 2 11
9 2 0 2 11
14 1 0 2 6
15 1 0 2 6
9 12 7 6
2 2 0 0 10
3 2 0 0 10
4 1 0 0 7
5 1 0 0 7
22 1 0 1 6
23 1 0 1 6
6 2 0 2 11
7 2 0 2 11
20 1 0 2 7
21 1 0 2 7
8 1 0 3 7
9 1 0 3 7
6 20 4 5
12 1 0 0 4
13 1 0 0 4
24 1 0 0 4
25 1 0 0 4
30 1 0 0 5
31 1 0 0 5
2 2 0 1 8
3 2 0 1 8
4 1 0 1 4
5 1 0 1 4
10 2 0 1 8
11 2 0 1 8
22 2 0 1 9
23 2 0 1 9
28 1 0 1 4
29 1 0 1 4
14 2 0 2 8
15 2 0 2 8
16 1 0 2 4
17 1 0 2 4
7 20 5 4
4 2 0 0 9
5 2 0 0 9
6 1 0 0 5
7 1 0 0 5
18 1 0 0 5
19 1 0 0 5
36 1 0 0 4
37 1 0 0 4
16 2 0 1 8
17 2 0 1 8
34 1 0 1 5
35 1 0 1 5
10 1 0 2 5
11 1 0 2 5
20 2 0 2 9
21 2 0 2 9
22 1 0 2 5
23 1 0 2 5
8 2 0 3 9
9 2 0 3 9
4 28 2 3
12 2 0 0 6
13 2 0 0 6
14 1 0 0 2
15 1 0 0 2
24 2 0 0 6
25 2 0 0 6
26 1 0 0 2
27 1 0 0 2
36 2 0 0 7
37 2 0 0 7
38 1 0 0 2
39 1 0 0 2
42 1 0 0 2
43 1 0 0 2
44 1 0 0 3
45 1 0 0 3
4 2 0 1 6
5 2 0 1 6
6 1 0 1 2
7 1 0 1 2
18 1 0 1 2
19 1 0 1 2
28 2 0 1 6
29 2 0 1 6
30 1 0 1 2
31 1 0 1 2
16 2 0 2 6
17 2 0 2 6
5 28 3 2
6 2 0 0 7
7 2 0 0 7
8 1 0 0 3
9 1 0 0 3
18 2 0 0 7
19 2 0 0 7
20 1 0 0 3
21 1 0 0 3
30 2 0 0 6
31 2 0 0 6
32 1 0 0 3
33 1 0 0 3
0 1 0 1 3
1 1 0 1 3
12 1 0 1 3
13 1 0 1 3
24 1 0 1 3
25 1 0 1 3
34 2 0 1 7
35 2 0 1 7
36 1 0 1 3
37 1 0 1 3
2 1 0 2 2
3 1 0 2 2
10 2 0 2 7
11 2 0 2 7
22 2 0 2 7
23 2 0 2 7
2 36 1
14 2 0 0 4
15 2 0 0 4
16 1 0 0 1
17 1 0 0 1
26 2 0 0 4
27 2 0 0 4
28 1 0 0 1
29 1 0 0 1
38 2 0 0 4
39 2 0 0 4
40 1 0 0 1
41 1 0 0 1
42 2 0 0 4
43 2 0 0 4
48 1 0 0 1
49 1 0 0 1
50 1 0 0 1
51 1 0 0 1
6 2 0 1 4
7 2 0 1 4
8 1 0 1 1
9 1 0 1 1
18 2 0 1 4
19 2 0 1 4
20 1 0 1 1
21 1 0 1 1
30 2 0 1 4
31 2 0 1 4
32 1 0 1 1
33 1 0 1 1
44 1 0 1 1
45 1 0 1 1
2 2 0 2 5
3 2 0 2 5
4 1 0 2 1
5 1 0 2 1
3 36 1
8 2 0 0 5
9 2 0 0 5
10 1 0 0 1
11 1 0 0 1
20 2 0 0 5
21 2 0 0 5
22 1 0 0 1
23 1 0 0 1
32 2 0 0 5
33 2 0 0 5
34 1 0 0 1
35 1 0 0 1
44 2 0 0 4
45 2 0 0 4
46 1 0 0 1
47 1 0 0 1
52 1 0 0 1
53 1 0 0 1
54 1 0 0 1
55 1 0 0 1
0 2 0 1 5
1 2 0 1 5
12 2 0 1 5
13 2 0 1 5
14 1 0 1 1
15 1 0 1 1
24 2 0 1 5
25 2 0 1 5
26 1 0 1 1
27 1 0 1 1
36 2 0 1 5
37 2 0 1 5
38 1 0 1 1
39 1 0 1 1
2 1 0 3 1
3 1 0 3 1
1 40
10 2 0 0 3
11 2 0 0 3
16 2 0 0 2
17 2 0 0 2
22 2 0 0 3
23 2 0 0 3
28 2 0 0 2
29 2 0 0 2
34 2 0 0 3
35 2 0 0 3
40 2 0 0 2
41 2 0 0 2
46 2 0 0 3
47 2 0 0 3
48 2 0 0 2
49 2 0 0 2
50 2 0 0 2
51 2 0 0 2
52 2 0 0 3
53 2 0 0 3
54 2 0 0 3
55 2 0 0 3
8 2 0 1 2
9 2 0 1 2
14 2 0 1 3
15 2 0 1 3
20 2 0 1 2
21 2 0 1 2
26 2 0 1 3
27 2 0 1 3
32 2 0 1 2
33 2 0 1 2
38 2 0 1 3
39 2 0 1 3
44 2 0 1 2
45 2 0 1 2
4 2 0 2 2
5 2 0 2 2
2 2 0 3 3
3 2 0 3 3
