#slot cellType shared channel neighbor
6 4 4 5
0 1 0 0 4
1 1 0 0 4
2 1 0 0 5
3 1 0 0 5
7 4 5 4
8 1 0 0 4
9 1 0 0 4
6 1 0 1 5
7 1 0 1 5
4 12 2 3
0 2 0 0 6
1 2 0 0 6
8 2 0 0 7
9 2 0 0 7
10 1 0 0 2
11 1 0 0 2
14 1 0 0 2
15 1 0 0 2
16 1 0 0 3
17 1 0 0 3
2 1 0 1 2
3 1 0 1 2
5 12 3 2
2 2 0 0 6
3 2 0 0 6
4 1 0 0 3
5 1 0 0 3
20 1 0 0 3
21 1 0 0 3
22 1 0 0 2
23 1 0 0 2
6 2 0 1 7
7 2 0 1 7
8 1 0 1 3
9 1 0 1 3
2 20 1
10 2 0 0 4
11 2 0 0 4
12 1 0 0 1
13 1 0 0 1
14 2 0 0 4
15 2 0 0 4
22 2 0 0 5
23 2 0 0 5
24 1 0 0 1
25 1 0 0 1
26 1 0 0 1
27 1 0 0 1
28 1 0 0 1
29 1 0 0 1
2 2 0 1 4
3 2 0 1 4
4 1 0 1 1
5 1 0 1 1
16 1 0 1 1
17 1 0 1 1
3 20 1
4 2 0 0 5
5 2 0 0 5
6 1 0 0 1
7 1 0 0 1
16 2 0 0 4
17 2 0 0 4
18 1 0 0 1
19 1 0 0 1
20 2 0 0 5
21 2 0 0 5
0 1 0 1 1
1 1 0 1 1
8 2 0 1 5
9 2 0 1 5
10 1 0 1 1
11 1 0 1 1
22 1 0 1 1
23 1 0 1 1
2 1 0 2 1
3 1 0 2 1
1 24
6 2 0 0 3
7 2 0 0 3
12 2 0 0 2
13 2 0 0 2
18 2 0 0 3
19 2 0 0 3
24 2 0 0 2
25 2 0 0 2
26 2 0 0 2
27 2 0 0 2
28 2 0 0 2
29 2 0 0 2
0 2 0 1 3
1 2 0 1 3
4 2 0 1 2
5 2 0 1 2
10 2 0 1 3
11 2 0 1 3
16 2 0 1 2
17 2 0 1 2
22 2 0 1 3
23 2 0 1 3
2 2 0 2 3
3 2 0 2 3
